4.000000000000000000e+00 1.153759999999999897e+00
5.000000000000000000e+00 5.512131999999999366e+00
6.000000000000000000e+00 5.332330999999999932e+00
7.000000000000000000e+00 5.606438999999999950e+00
8.000000000000000000e+00 7.062435000000000684e+00
9.000000000000000000e+00 6.462667999999999857e+00
1.000000000000000000e+01 6.497630000000000017e+00
1.100000000000000000e+01 6.927731999999999779e+00
1.200000000000000000e+01 7.680144000000000304e+00
1.300000000000000000e+01 7.469848999999999961e+00
1.400000000000000000e+01 7.520319000000000642e+00
1.500000000000000000e+01 7.699460000000000193e+00
1.600000000000000000e+01 7.976206000000000351e+00
1.700000000000000000e+01 7.750728000000000506e+00
1.800000000000000000e+01 7.767096999999999696e+00
1.900000000000000000e+01 7.779017999999999766e+00
2.000000000000000000e+01 8.032239999999999824e+00
2.100000000000000000e+01 7.971712999999999383e+00
2.200000000000000000e+01 8.080465000000000231e+00
2.300000000000000000e+01 8.111493000000001174e+00
2.400000000000000000e+01 8.260709000000000302e+00
2.500000000000000000e+01 8.223501999999999867e+00
2.600000000000000000e+01 8.333870000000000999e+00
2.700000000000000000e+01 8.331552999999999543e+00
2.800000000000000000e+01 8.447744000000000142e+00
2.900000000000000000e+01 8.448634999999999451e+00
3.000000000000000000e+01 8.520654000000000394e+00
3.100000000000000000e+01 8.481166999999999234e+00
3.200000000000000000e+01 8.493129000000001483e+00
3.300000000000000000e+01 8.513806000000000651e+00
3.400000000000000000e+01 8.583497999999998740e+00
3.500000000000000000e+01 8.537850000000000605e+00
3.600000000000000000e+01 8.575388999999999484e+00
3.700000000000000000e+01 8.570281000000001370e+00
3.800000000000000000e+01 8.614280000000000825e+00
3.900000000000000000e+01 8.562597999999999487e+00
4.000000000000000000e+01 8.595259000000000427e+00
4.100000000000000000e+01 8.576071999999999917e+00
4.200000000000000000e+01 8.616562999999999306e+00
4.300000000000000000e+01 8.600663000000000835e+00
4.400000000000000000e+01 8.658174999999999955e+00
4.500000000000000000e+01 8.630544999999999689e+00
4.600000000000000000e+01 8.668979000000000212e+00
4.700000000000000000e+01 8.665089999999999293e+00
4.800000000000000000e+01 8.723005999999999815e+00
4.900000000000000000e+01 8.711157000000000039e+00
5.000000000000000000e+01 8.755717999999999890e+00
5.100000000000000000e+01 8.742098999999999620e+00
5.200000000000000000e+01 8.775988999999999152e+00
5.300000000000000000e+01 8.760198000000000818e+00
5.400000000000000000e+01 8.777955000000000396e+00
5.500000000000000000e+01 8.765022000000000091e+00
5.600000000000000000e+01 8.790353999999998891e+00
5.700000000000000000e+01 8.770279000000000380e+00
5.800000000000000000e+01 8.792249999999999233e+00
5.900000000000000000e+01 8.768034999999999357e+00
6.000000000000000000e+01 8.780773999999999191e+00
6.100000000000000000e+01 8.765024999999999622e+00
6.200000000000000000e+01 8.794553000000000509e+00
6.300000000000000000e+01 8.763493000000000421e+00
6.400000000000000000e+01 8.777460999999998847e+00
6.500000000000000000e+01 8.757095999999998881e+00
6.600000000000000000e+01 8.759631999999999863e+00
6.700000000000000000e+01 8.737458000000000169e+00
6.800000000000000000e+01 8.755679999999999907e+00
6.900000000000000000e+01 8.724579000000000306e+00
7.000000000000000000e+01 8.729808000000000234e+00
7.100000000000000000e+01 8.717603999999999687e+00
7.200000000000000000e+01 8.731745000000000090e+00
7.300000000000000000e+01 8.705049000000000703e+00
7.400000000000000000e+01 8.725200000000000955e+00
7.500000000000000000e+01 8.700874000000000663e+00
7.600000000000000000e+01 8.711477000000000359e+00
7.700000000000000000e+01 8.695977999999998431e+00
7.800000000000000000e+01 8.717806000000001276e+00
7.900000000000000000e+01 8.695592000000001320e+00
8.000000000000000000e+01 8.710812999999999917e+00
8.100000000000000000e+01 8.695945999999999287e+00
8.200000000000000000e+01 8.710674999999998391e+00
8.300000000000000000e+01 8.695729000000000042e+00
8.400000000000000000e+01 8.717446000000000694e+00
8.500000000000000000e+01 8.698561999999999017e+00
8.600000000000000000e+01 8.712029000000001133e+00
8.700000000000000000e+01 8.710983000000000587e+00
8.800000000000000000e+01 8.732594999999999885e+00
8.900000000000000000e+01 8.713977999999999113e+00
9.000000000000000000e+01 8.709968999999999184e+00
9.100000000000000000e+01 8.693314000000000874e+00
9.200000000000000000e+01 8.692677999999999017e+00
9.300000000000000000e+01 8.671620000000000772e+00
9.400000000000000000e+01 8.666800999999999533e+00
9.500000000000000000e+01 8.648719999999999075e+00
9.600000000000000000e+01 8.653986999999998986e+00
9.700000000000000000e+01 8.635092000000000212e+00
9.800000000000000000e+01 8.635168000000000177e+00
9.900000000000000000e+01 8.613610000000001321e+00
1.000000000000000000e+02 8.619359000000001103e+00
1.010000000000000000e+02 8.601364999999999483e+00
1.020000000000000000e+02 8.607426999999999495e+00
1.030000000000000000e+02 8.584365000000000023e+00
1.040000000000000000e+02 8.587398999999999560e+00
1.050000000000000000e+02 8.572703999999999880e+00
1.060000000000000000e+02 8.579992000000000729e+00
1.070000000000000000e+02 8.560894000000001114e+00
1.080000000000000000e+02 8.567022999999998945e+00
1.090000000000000000e+02 8.547915000000001484e+00
1.100000000000000000e+02 8.551275000000000404e+00
1.110000000000000000e+02 8.537079000000000306e+00
1.120000000000000000e+02 8.544729999999999492e+00
1.130000000000000000e+02 8.526986999999998318e+00
1.140000000000000000e+02 8.531513000000000346e+00
1.150000000000000000e+02 8.516545999999999950e+00
1.160000000000000000e+02 8.523115999999999914e+00
1.170000000000000000e+02 8.509611000000001368e+00
1.180000000000000000e+02 8.516532999999999021e+00
1.190000000000000000e+02 8.499449000000000254e+00
1.200000000000000000e+02 8.504492000000000829e+00
1.210000000000000000e+02 8.485200999999999993e+00
1.220000000000000000e+02 8.487906999999999869e+00
1.230000000000000000e+02 8.472327999999999193e+00
1.240000000000000000e+02 8.473278999999999783e+00
1.250000000000000000e+02 8.458170000000000854e+00
1.260000000000000000e+02 8.463248000000000104e+00
1.270000000000000000e+02 8.446118000000000237e+00
1.280000000000000000e+02 8.448752000000000706e+00
1.290000000000000000e+02 8.435990000000000322e+00
1.300000000000000000e+02 8.437730999999999426e+00
1.310000000000000000e+02 8.423736000000001667e+00
1.320000000000000000e+02 8.427621999999999503e+00
1.330000000000000000e+02 8.412647000000001540e+00
1.340000000000000000e+02 8.413699000000001149e+00
1.350000000000000000e+02 8.401335999999998805e+00
1.360000000000000000e+02 8.402754999999999086e+00
1.370000000000000000e+02 8.391826999999999259e+00
1.380000000000000000e+02 8.393420000000000769e+00
1.390000000000000000e+02 8.378024999999999167e+00
1.400000000000000000e+02 8.376316999999998458e+00
1.410000000000000000e+02 8.355407999999998836e+00
1.420000000000000000e+02 8.347070999999999685e+00
1.430000000000000000e+02 8.330487999999999005e+00
1.440000000000000000e+02 8.326921999999999713e+00
1.450000000000000000e+02 8.309186999999999657e+00
1.460000000000000000e+02 8.304092000000000695e+00
1.470000000000000000e+02 8.284371999999999403e+00
1.480000000000000000e+02 8.279633000000000465e+00
1.490000000000000000e+02 8.263466000000001088e+00
1.500000000000000000e+02 8.261620999999999881e+00
1.510000000000000000e+02 8.243971000000000160e+00
1.520000000000000000e+02 8.244061000000000305e+00
1.530000000000000000e+02 8.228699000000000652e+00
1.540000000000000000e+02 8.226834999999999454e+00
1.550000000000000000e+02 8.216674000000001143e+00
1.560000000000000000e+02 8.215322000000000457e+00
1.570000000000000000e+02 8.203504000000000573e+00
1.580000000000000000e+02 8.201818999999998638e+00
1.590000000000000000e+02 8.188800000000000523e+00
1.600000000000000000e+02 8.184053999999999718e+00
1.610000000000000000e+02 8.174478999999999829e+00
1.620000000000000000e+02 8.173457000000000860e+00
1.630000000000000000e+02 8.161785000000000068e+00
1.640000000000000000e+02 8.158713999999999800e+00
1.650000000000000000e+02 8.146964000000000539e+00
1.660000000000000000e+02 8.141958999999999946e+00
1.670000000000000000e+02 8.131745999999999697e+00
1.680000000000000000e+02 8.129600999999999189e+00
1.690000000000000000e+02 8.117019000000000872e+00
1.700000000000000000e+02 8.111959000000000586e+00
1.710000000000000000e+02 8.101893000000000455e+00
1.720000000000000000e+02 8.097428999999999988e+00
1.730000000000000000e+02 8.087426999999999921e+00
1.740000000000000000e+02 8.083847000000000449e+00
1.750000000000000000e+02 8.070925000000000793e+00
1.760000000000000000e+02 8.064085000000000392e+00
1.770000000000000000e+02 8.053447999999999496e+00
1.780000000000000000e+02 8.049442000000000874e+00
1.790000000000000000e+02 8.038546000000000191e+00
1.800000000000000000e+02 8.034930000000001016e+00
1.810000000000000000e+02 8.023399999999998755e+00
1.820000000000000000e+02 8.018307999999999325e+00
1.830000000000000000e+02 8.008321999999999719e+00
1.840000000000000000e+02 8.005076999999999998e+00
1.850000000000000000e+02 7.992906999999999762e+00
1.860000000000000000e+02 7.988601000000000063e+00
1.870000000000000000e+02 7.977951000000000015e+00
1.880000000000000000e+02 7.973863999999999841e+00
1.890000000000000000e+02 7.963002000000000358e+00
1.900000000000000000e+02 7.962104000000000070e+00
1.910000000000000000e+02 7.950568000000000524e+00
1.920000000000000000e+02 7.948525000000000063e+00
1.930000000000000000e+02 7.938132999999999662e+00
1.940000000000000000e+02 7.935940999999999690e+00
1.950000000000000000e+02 7.926552000000000042e+00
1.960000000000000000e+02 7.926529000000000380e+00
1.970000000000000000e+02 7.915970999999999869e+00
1.980000000000000000e+02 7.914149999999999352e+00
1.990000000000000000e+02 7.906937000000000104e+00
2.000000000000000000e+02 7.905895000000000117e+00
2.010000000000000000e+02 7.897560000000000358e+00
2.020000000000000000e+02 7.896850000000000591e+00
2.030000000000000000e+02 7.887482000000000326e+00
2.040000000000000000e+02 7.885545000000000471e+00
2.050000000000000000e+02 7.878394000000000119e+00
2.060000000000000000e+02 7.875361999999999973e+00
2.070000000000000000e+02 7.869866000000000028e+00
2.080000000000000000e+02 7.867453000000000252e+00
2.090000000000000000e+02 7.848647999999999847e+00
2.100000000000000000e+02 7.835964999999999847e+00
2.110000000000000000e+02 7.819774000000000669e+00
2.120000000000000000e+02 7.810243000000000713e+00
2.130000000000000000e+02 7.794024000000000285e+00
2.140000000000000000e+02 7.785116000000000369e+00
2.150000000000000000e+02 7.768176000000000414e+00
2.160000000000000000e+02 7.758819000000000798e+00
2.170000000000000000e+02 7.744615999999999723e+00
2.180000000000000000e+02 7.738752000000000741e+00
2.190000000000000000e+02 7.723777000000000115e+00
2.200000000000000000e+02 7.717253999999999614e+00
2.210000000000000000e+02 7.703256000000000547e+00
2.220000000000000000e+02 7.696691999999999645e+00
2.230000000000000000e+02 7.685309000000000168e+00
2.240000000000000000e+02 7.679921999999999471e+00
2.250000000000000000e+02 7.667586000000000013e+00
2.260000000000000000e+02 7.661962000000000828e+00
2.270000000000000000e+02 7.650707000000000590e+00
2.280000000000000000e+02 7.645080000000000098e+00
2.290000000000000000e+02 7.634649999999999714e+00
2.300000000000000000e+02 7.630995999999999668e+00
2.310000000000000000e+02 7.620118000000000613e+00
2.320000000000000000e+02 7.615033000000000385e+00
2.330000000000000000e+02 7.604866000000000348e+00
2.340000000000000000e+02 7.600715000000000110e+00
2.350000000000000000e+02 7.590913999999999717e+00
2.360000000000000000e+02 7.586484000000000449e+00
2.370000000000000000e+02 7.576101999999999670e+00
2.380000000000000000e+02 7.570124999999999993e+00
2.390000000000000000e+02 7.560566999999999815e+00
2.400000000000000000e+02 7.556042000000000591e+00
2.410000000000000000e+02 7.546439000000000341e+00
2.420000000000000000e+02 7.541326999999999892e+00
2.430000000000000000e+02 7.531007999999999925e+00
2.440000000000000000e+02 7.524814999999999365e+00
2.450000000000000000e+02 7.515766999999999420e+00
2.460000000000000000e+02 7.511470999999999343e+00
2.470000000000000000e+02 7.501930999999999905e+00
2.480000000000000000e+02 7.496728000000000058e+00
2.490000000000000000e+02 7.486040000000000028e+00
2.500000000000000000e+02 7.479956000000000493e+00
2.510000000000000000e+02 7.470500000000000362e+00
2.520000000000000000e+02 7.465346999999999511e+00
2.530000000000000000e+02 7.454829000000000150e+00
2.540000000000000000e+02 7.449225000000000207e+00
2.550000000000000000e+02 7.437820999999999572e+00
2.560000000000000000e+02 7.431779999999999831e+00
2.570000000000000000e+02 7.422194000000000180e+00
2.580000000000000000e+02 7.409675000000000011e+00
2.590000000000000000e+02 7.399974000000000274e+00
2.600000000000000000e+02 7.342562000000000033e+00
2.610000000000000000e+02 7.371383999999999936e+00
2.620000000000000000e+02 7.341185000000000294e+00
2.640000000000000000e+02 7.298375000000000057e+00
2.650000000000000000e+02 7.296247000000000149e+00
2.660000000000000000e+02 7.298273000000000010e+00
2.690000000000000000e+02 7.250154000000000210e+00
2.700000000000000000e+02 7.253774999999999196e+00
